Evaluation Model : 
R2_score : 0.9128137083096199
MAE : 103.2453683825135
RMSE : 143.10998253120684
MAPE : 2.941502981794656e+17
